26889,6
26889,0
26889,5
26883,6
26883,0
26883,5
26845,642
26845,846
26847,52
26847,0
26847,50
26845,783
26845,845
26845,782
26845,844
26845,843
4294967279,433
26845,781
26845,780
26845,842
26845,841
26845,707
26845,779
26845,778
26845,650
26845,647
26845,840
26845,706
26845,705
26845,839
26845,777
26845,776
26845,838
26845,775
26845,837
26845,649
26845,836
26845,51
26845,835
26847,51
26845,774
26845,773
26845,834
26845,772
26845,833
26845,0
26845,832
26845,771
26845,639
26845,770
4294967279,493
26845,638
26845,648
26845,253
26845,769
26845,768
26847,47
26845,637
26845,575
26845,645
26845,636
26845,704
26845,574
26845,635
26845,634
26845,573
26845,572
26845,633
26845,571
26845,632
26845,631
26845,643
26847,49
26845,570
26845,569
26845,630
26845,629
26845,568
26845,628
26845,627
26845,567
26845,566
26845,626
26845,565
26845,625
26845,646
26845,194
26845,640
26845,624
26845,564
26845,563
26845,623
26845,622
26845,562
26845,621
26845,620
26847,48
26845,561
26845,560
26845,619
26845,644
26847,43
26845,559
26845,252
26845,618
4294967278,207
26845,617
26847,46
26845,558
26845,557
26845,616
26845,556
26845,243
26845,615
26845,641
26845,555
26845,554
26845,614
26845,251
26845,255
26845,220
26845,553
26845,613
26845,612
26847,45
26847,34
4294967278,387
26845,552
26845,551
26845,611
26845,254
26845,233
26845,550
26845,610
26845,549
26845,548
26845,244
26845,609
26845,249
26845,547
26845,608
26845,607
26845,546
26845,545
26845,606
26847,44
26845,544
26845,605
26847,41
26845,543
26845,542
26845,604
26845,248
26845,541
26845,603
26845,602
26845,540
26845,539
26845,601
4294967278,391
26845,538
26845,600
26845,250
26845,599
26845,537
26845,536
26845,598
26845,246
26845,597
26845,535
26845,596
26845,595
26845,534
26845,533
26845,594
26845,532
26845,245
26845,593
26845,592
26847,42
26845,531
26845,530
26845,591
26845,529
26845,590
26845,589
26845,528
26845,527
26845,588
26845,247
4294967278,385
4294967278,462
26845,526
26845,587
26845,241
26845,586
26847,38
26845,525
26845,524
26845,585
26845,523
26845,584
26845,583
26845,522
26845,521
26845,582
26845,240
26845,234
26845,520
26845,581
26845,580
26847,40
26845,519
26845,518
26845,579
26845,578
26845,230
26845,517
26845,242
26845,217
26845,577
26845,576
26845,516
26845,515
26845,238
26845,514
26847,39
26845,513
26845,511
26845,510
26845,509
26845,508
26845,507
26847,16
26845,506
26845,505
26845,236
26845,504
26845,503
26847,35
26845,502
26845,501
26845,500
26845,499
26845,498
26845,497
26845,496
26847,37
4294967278,458
26845,495
26845,494
26845,493
26845,239
26845,492
26845,235
26845,491
26845,237
26845,490
26845,489
26845,488
26845,487
26845,486
26845,485
26845,484
4294967278,276
26845,483
26845,482
26845,481
26845,232
26845,480
4294967294,30
4294967294,61
4294967294,127
4294967294,18
4294967294,443
4294967294,12
4294967294,1550
4294967294,2339
26845,479
26845,478
26845,477
26845,447
26845,476
26845,475
26845,446
26845,445
26845,474
26845,444
26845,473
26845,231
26845,472
26845,471
26847,36
26847,32
26845,443
26845,442
26845,223
26845,470
26845,441
26845,469
26845,512
26845,468
26845,212
26845,440
26845,439
26845,228
26845,467
4294967278,330
26845,438
26845,466
26845,465
26845,464
26845,437
26845,436
26845,463
26845,435
26845,462
26845,461
26845,460
26845,434
26845,433
26845,227
26845,459
26845,432
26845,458
26845,457
26845,229
26845,216
4294967278,467
26847,22
26847,33
26845,431
26845,430
26845,456
26845,429
26845,455
26845,226
26845,224
26845,454
26845,428
26845,427
26845,453
26845,426
26845,452
26845,451
26845,450
26847,29
26845,425
26845,424
26845,449
26845,423
26845,448
4294967278,347
26845,422
26845,421
26845,420
26845,383
26845,419
26845,418
26845,417
26845,382
26845,222
26845,416
26845,225
26847,31
26845,381
26845,221
26845,415
26845,380
26845,215
26845,414
4294967278,414
26845,379
26845,413
26845,378
26845,412
26845,377
26845,411
26845,376
26845,410
26847,30
26845,375
26845,409
26845,408
26847,27
26845,374
26845,407
26845,373
26845,219
26845,406
26845,218
4294967278,209
26845,372
26845,405
26847,28
26845,371
26845,404
26845,370
26845,369
26845,403
26845,368
26845,402
26845,401
4294967278,202
26845,367
26845,366
26845,400
26845,399
4294967279,203
26845,365
26845,364
26845,398
26845,50
26845,397
26845,396
26845,363
26845,362
26845,214
26845,395
26845,213
26845,361
26845,394
26847,24
26847,26
26845,360
26845,359
26845,393
26845,206
26845,358
26845,392
26845,391
26845,357
26845,356
26845,390
26845,355
26845,389
26845,354
26845,353
26845,388
26845,207
26845,352
26845,387
26845,386
4294967278,183
26845,351
26845,350
26845,211
26845,210
26845,385
4294967279,184
26845,349
26845,384
26847,25
26845,348
26845,347
26845,346
26845,201
26845,345
26845,344
26845,343
26847,21
26845,342
26845,341
26845,340
4294967278,454
4294967279,431
26845,319
26845,339
4294967278,285
26845,318
26845,317
26845,338
26845,316
26845,337
26845,209
26845,336
26845,315
26845,314
26845,208
26845,335
26845,313
26845,334
26845,312
26845,311
26845,333
26847,23
26845,310
26845,332
26845,331
26845,309
26845,308
26845,330
26845,307
26845,329
26847,17
26847,19
26847,20
4294967279,430
4294967278,413
26845,306
26845,305
26845,304
26845,303
26845,302
26845,328
26845,327
26845,204
26845,326
26845,205
26845,325
26845,301
26845,300
26845,299
26845,298
26845,324
4294967279,260
26845,297
26845,296
26845,295
26845,294
26845,323
26845,198
26845,322
26845,321
26845,320
26845,193
26845,293
26845,292
26845,291
26845,290
26845,289
26845,288
26845,287
26845,203
26845,202
26845,286
26845,285
4294967278,450
26847,14
26847,18
26845,284
26845,283
26845,282
26845,281
26845,280
26845,279
26847,6
26845,278
26845,277
26845,276
26845,275
26845,274
26845,273
26845,272
26845,271
26845,270
26845,269
26845,268
26845,191
26845,190
26845,267
4294967279,477
26845,200
26847,15
26845,189
26845,188
26845,199
26845,266
26845,187
26845,265
26845,264
26847,12
26845,186
26845,185
26845,263
26845,262
26845,184
26845,261
26847,13
26845,183
26845,182
26845,181
26845,180
26845,179
26845,192
26845,260
26845,259
26845,258
26845,257
26845,195
26845,196
26845,61
26845,178
26845,177
26845,176
26845,175
26845,256
4294967279,426
26847,10
26845,174
26845,173
26845,172
26845,171
26845,170
26845,169
26845,168
26845,167
26845,166
26845,165
26845,164
26845,163
26845,162
26845,161
26845,160
26845,159
26845,158
26845,157
26845,156
26845,155
26845,197
26845,63
26845,62
26845,154
26845,153
26845,152
26845,151
26845,150
26845,149
26845,57
26845,148
26845,147
26845,146
26845,145
26845,144
26845,143
26845,142
26845,141
26845,140
26845,139
26845,138
26845,137
26845,136
4294967278,224
26845,135
26845,134
26845,133
4294967278,415
26845,132
26845,59
26845,58
4294967279,280
4294967278,213
4294967279,214
26845,131
26847,11
26847,9
26847,5
4294967278,211
26845,127
26845,126
26845,125
26845,124
26845,130
26845,129
26845,128
26845,123
26845,122
26845,121
26845,120
4294967278,363
4294967278,412
4294967278,88
4294967278,392
4294967278,201
26845,119
4294967279,202
4294967278,475
26845,118
4294967278,199
26845,55
26845,117
4294967279,199
4294967278,197
26845,116
4294967278,196
4294967279,285
4294967278,233
26845,115
4294967279,196
4294967278,194
26845,114
4294967279,195
26847,8
26847,7
4294967278,193
26845,113
4294967279,194
4294967278,484
4294967279,193
26845,112
4294967278,191
4294967279,192
4294967278,190
26845,111
4294967278,189
26845,60
4294967279,190
26845,110
26845,53
26845,52
26845,56
26845,7
26845,109
4294967278,348
26845,108
26845,107
26845,106
4294967279,219
26845,105
4294967279,183
4294967278,181
26845,104
4294967279,182
26845,103
4294967279,180
4294967278,245
26845,102
4294967279,179
4294967278,460
4294967279,178
26845,101
4294967278,176
4294967279,177
26845,100
4294967279,445
4294967279,175
26845,99
4294967279,506
26845,98
26845,97
4294967279,170
26845,96
26845,95
4294967279,448
26845,94
4294967279,490
4294967278,164
4294967279,165
26845,93
4294967279,164
26845,92
26845,91
4294967279,161
26845,54
26845,8
26845,90
4294967279,160
26845,89
26845,47
26845,88
26845,46
26845,9
26845,87
4294967279,155
4294967279,154
26845,86
4294967279,153
26845,85
4294967278,152
4294967278,151
26845,84
4294967279,151
4294967279,150
26845,83
4294967279,149
26845,82
26845,81
4294967279,146
26845,80
4294967279,145
4294967279,561
26845,79
4294967278,131
4294967278,130
4294967278,128
4294967278,125
4294967278,124
4294967278,116
4294967278,115
4294967278,102
4294967279,0
4294967279,498
4294967279,25
4294967279,6
4294967279,142
26845,78
26845,77
4294967279,141
26845,76
26845,75
4294967278,468
26845,74
4294967279,136
4294967279,135
26845,73
26845,72
4294967279,407
4294967279,283
26845,71
4294967279,427
26845,70
4294967279,451
4294967279,272
26845,69
4294967279,271
26845,68
26845,49
26845,48
26845,67
26845,37
26845,35
4294967279,287
26845,66
26845,65
4294967279,457
4294967279,265
26845,64
4294967279,264
26845,45
26845,44
26845,43
26845,42
4294967279,388
26845,41
26845,40
4294967278,318
4294967278,317
26845,39
4294967278,241
26845,38
26845,36
26845,34
26845,6
26845,5
4294967278,315
4294967278,314
26845,33
4294967279,319
26845,32
4294967279,254
26845,31
4294967278,252
4294967278,250
26845,30
26845,29
26845,28
26845,27
26845,26
26845,25
26845,24
4294967278,354
26845,23
4294967279,230
26845,22
26845,21
26845,20
26845,19
26845,18
26845,17
26845,16
26845,15
26845,14
26845,13
4294967279,398
26845,12
26845,11
26845,10
4294967294,806
4294967278,103
4294967279,429
4294967278,411
4294967279,428
4294967278,367
4294967278,400
26931,9
26931,0
26931,8
26931,7
4294967279,425
4294967278,399
26934,6
26934,5
26934,4
26934,3
26934,2
26934,1
4294967279,144
4294967278,499
4294967279,424
26931,6
4294967294,421
26931,5
26931,4
26931,3
26931,2
26931,1
4294967279,422
26929,7
4294967279,421
26929,6
26929,5
26929,4
26929,3
26929,2
26929,1
4294967278,398
4294967279,420
4294967278,397
4294967279,419
26926,5
26926,4
26926,3
26926,2
26926,1
4294967279,418
26924,6
4294967294,1605
4294967279,416
26924,5
26924,4
26924,3
26924,2
26924,1
26922,7
4294967294,801
26922,6
26922,5
26922,4
26922,3
26922,2
26922,1
4294967279,413
26919,7
4294967279,572
4294967278,394
26919,6
26919,5
26919,4
26919,3
26919,2
26919,1
4294967279,412
4294967279,293
4294967279,277
4294967279,411
4294967294,470
26916,7
4294967279,408
26916,6
26916,5
26916,4
26916,3
26916,2
26916,1
4294967279,406
26913,6
26913,5
26913,4
26913,3
26913,2
26913,1
4294967279,473
26911,5
26911,4
26911,3
26911,2
26911,1
26910,7
4294967279,405
26910,6
26910,5
26910,4
26910,3
26910,2
26910,1
26907,6
26907,5
26907,4
26907,3
26907,2
26907,1
26905,5
26905,4
26905,3
26905,2
26905,1
26904,7
26904,6
26904,5
26904,4
26904,3
26904,2
26904,1
4294967294,479
4294967294,2193
4294967294,2195
4294967294,916
26900,5
26900,4
26900,3
26900,2
26900,1
4294967279,550
26898,7
4294967278,375
4294967278,345
4294967279,503
26898,6
26898,5
26898,4
26898,3
26898,2
26898,1
4294967278,390
4294967279,423
26895,5
26895,4
26895,3
26895,2
26895,1
4294967294,2137
26894,4
26894,3
26894,2
26894,1
26893,4
26893,3
26893,2
26893,1
26892,4
26892,3
26892,2
26892,1
26891,4
26891,3
26891,2
26891,1
26890,4
26890,3
26890,2
26890,1
26889,4
26889,3
26889,2
26889,1
26877,8
4294967279,404
4294967294,911
4294967279,471
4294967279,470
4294967294,2138
26888,4
26888,3
26888,2
26888,1
26887,4
26887,3
26887,2
26887,1
26886,4
26886,3
26886,2
26886,1
26885,4
26885,3
26885,2
26885,1
26884,4
26884,3
26884,2
26884,1
26883,4
26883,3
26883,2
26883,1
26877,7
26877,6
26877,5
26882,4
26882,3
26882,2
26882,1
26881,4
26881,3
26881,2
26881,1
26880,4
26880,3
26880,2
26880,1
26879,4
26879,3
26879,2
26879,1
26878,4
26878,3
26878,2
26878,1
26877,4
26877,3
26877,2
26877,1
4294967279,403
4294967279,486
4294967279,402
4294967294,2135
4294967294,921
4294967294,960
4294967294,917
4294967294,1464
4294967279,187
26851,6
26851,5
26851,4
26851,3
26851,2
26851,1
4294967279,479
26850,6
26850,5
26850,4
26850,3
26850,2
26850,1
26849,5
26849,4
26849,3
26849,2
26849,1
26848,4
26848,3
26848,2
26848,1
4294967279,401
4294967278,243
4294967278,495
26847,4
26847,3
26847,2
26847,1
4294967294,108
4294967294,2210
4294967279,488
4294967278,328
4294967279,288
4294967279,531
4294967279,400
4294967278,388
26845,4
26845,3
26845,2
26845,1
4294967294,1545
4294967279,317
26844,5
26844,4
26844,3
26844,2
26844,1
4294967294,420
4294967279,399
26843,5
26843,4
26843,3
26843,2
26843,1
4294967294,1541
4294967294,1539
26842,4
26842,3
26842,2
26842,1
4294967294,162
4294967294,1604
4294967294,1635
4294967294,113
4294967294,189
4294967294,164
4294967294,119
4294967279,565
4294967278,410
4294967279,474
4294967294,946
4294967278,409
4294967278,408
4294967294,392
4294967294,389
4294967278,407
4294967279,397
4294967278,406
4294967279,467
4294967294,89
4294967278,405
4294967294,422
4294967294,114
4294967294,818
4294967278,402
4294967294,1540
4294967294,1640
4294967294,1607
4294967294,1457
4294967294,1447
4294967294,1449
4294967294,2112
4294967294,2125
4294967294,2116
4294967294,168
4294967294,2119
4294967294,2146
4294967294,464
4294967294,488
4294967278,356
4294967294,40
4294967294,38
4294967294,37
4294967294,107
4294967294,91
4294967294,87
4294967294,85
4294967294,1454
4294967294,2366
4294967294,953
4294967294,53
4294967278,404
4294967294,45
4294967294,44
4294967278,401
4294967294,9
4294967294,8
4294967294,68
4294967294,11
4294967278,386
26752,262
26752,261
26752,139
26752,135
26752,138
26752,134
26752,260
26752,137
26752,52
26752,259
26752,258
26752,257
26752,0
26752,256
26752,255
26752,254
26752,253
26752,252
26752,251
26752,250
26752,249
26752,248
26752,247
26752,246
26752,245
26752,244
26752,243
26752,242
26752,241
26752,240
26752,239
26752,238
26752,136
26752,131
26752,130
26752,133
26752,60
26752,237
26752,236
26752,235
26752,234
4294967278,270
26752,233
26752,232
26752,231
26752,230
26752,229
26752,228
26752,227
26752,226
26752,225
26752,224
26752,132
26752,223
26752,53
26752,222
26752,221
26752,220
26752,219
26752,218
26752,217
26752,216
26752,215
26752,62
26752,63
26752,214
26752,213
26752,212
26752,211
26752,210
26752,129
26752,209
26752,57
26752,208
4294967278,230
4294967278,228
26752,207
26752,206
26752,205
4294967278,222
4294967279,222
4294967278,220
26752,204
4294967278,218
4294967279,218
26752,203
26752,202
26752,201
4294967278,212
4294967279,213
26752,200
26752,199
26752,198
26752,197
4294967278,206
26752,196
4294967278,256
4294967278,403
26752,195
4294967279,205
4294967278,203
4294967279,204
26752,194
26752,193
26752,192
26752,128
26752,59
26752,58
26752,61
26752,127
4294967279,200
4294967278,198
26752,126
26752,125
26752,124
26752,123
26752,122
26752,121
26752,120
26752,119
26752,118
26752,117
26752,116
26752,115
26752,55
26752,114
26752,113
26752,112
26752,111
4294967278,301
26752,110
26752,109
4294967278,171
4294967279,172
4294967278,170
26752,108
4294967279,171
26752,107
4294967279,390
26752,106
26752,51
26752,50
26752,56
26752,105
26752,7
26752,104
4294967278,163
26752,103
4294967278,162
26752,102
26752,101
26752,100
4294967278,332
4294967279,159
26752,99
4294967279,158
26752,98
4294967279,513
26752,97
26752,96
26752,95
26752,94
4294967278,149
26752,93
26752,92
26752,91
26752,90
26752,89
4294967278,143
4294967279,143
4294967278,142
26752,88
26752,87
4294967278,379
26752,86
26752,85
26752,54
26752,8
26752,84
26752,9
26752,83
26752,43
26752,49
26752,82
4294967278,133
4294967278,272
26752,81
4294967294,805
26752,80
4294967278,269
26752,79
26752,78
26752,77
26752,76
26752,75
26752,74
4294967278,98
4294967278,97
4294967278,94
4294967278,381
4294967278,498
4294967278,85
4294967278,84
4294967278,79
4294967278,78
4294967279,491
4294967279,570
4294967279,489
4294967279,484
4294967279,84
4294967279,468
4294967279,466
26752,73
4294967279,465
26752,72
26752,71
26752,42
4294967279,553
4294967278,336
4294967279,258
26752,70
26752,69
26752,68
4294967279,387
4294967279,417
26752,67
4294967279,385
26752,66
4294967279,255
26752,65
4294967278,254
26752,64
4294967278,389
26752,48
26752,47
4294967278,248
26752,46
4294967278,246
4294967279,246
26752,45
4294967278,244
26752,44
26752,23
26752,21
4294967279,244
26752,41
4294967279,461
26752,40
4294967278,238
26752,39
4294967278,325
4294967278,236
26752,38
26754,11
26754,0
26754,10
26754,9
26754,5
26754,8
26754,7
26752,37
26752,36
26752,35
26752,34
26752,33
26752,32
26752,31
26752,30
26752,29
26752,28
26752,27
26752,26
26752,25
26752,24
26752,22
26752,20
26752,6
26752,5
26752,19
26752,18
26752,17
26752,16
26752,15
26752,14
26752,13
26752,12
26752,11
26752,10
4294967278,232
4294967279,396
4294967278,316
4294967278,313
4294967278,312
4294967279,394
4294967279,393
4294967279,391
4294967278,310
4294967278,340
26838,9
26838,0
26838,8
26838,7
4294967278,309
4294967279,389
4294967279,386
4294967278,307
4294967278,306
26841,6
26841,5
26841,4
26841,3
26841,2
26841,1
4294967279,384
4294967279,186
26838,6
4294967294,431
4294967294,429
26838,5
26838,4
26838,2
26838,1
4294967278,260
26836,7
26836,6
26836,5
26836,4
26836,2
26836,1
4294967279,185
4294967278,305
4294967278,264
26833,5
26833,4
26833,3
26833,2
26833,1
4294967279,181
26831,6
26831,5
26831,4
26831,3
26831,2
26831,1
4294967279,176
26829,7
4294967279,173
4294967279,169
26829,6
26829,5
26829,4
26829,2
26829,1
4294967279,559
4294967278,304
26826,7
4294967279,168
26826,6
26826,5
26826,4
26826,2
26826,1
4294967278,303
4294967278,302
4294967279,167
26823,7
4294967279,166
26823,6
26823,5
26823,4
26823,2
26823,1
4294967278,299
4294967278,487
4294967278,297
26820,6
4294967279,157
26820,5
26820,4
26820,2
26820,1
4294967278,268
26818,5
26818,4
26818,3
26818,2
26818,1
26817,7
4294967279,494
26817,6
26817,5
26817,4
26817,3
26817,2
26817,1
4294967278,296
4294967279,156
4294967278,366
4294967279,278
26814,6
4294967278,295
26814,5
26814,4
26814,3
26814,2
26814,1
4294967279,275
4294967278,339
4294967278,294
26812,5
26812,4
26812,3
26812,2
26812,1
4294967278,293
26811,7
26811,6
26811,5
26811,4
26811,3
26811,2
26811,1
4294967279,138
26807,5
26807,4
26807,3
26807,2
26807,1
4294967278,358
26805,7
4294967279,134
4294967279,458
4294967279,174
4294967278,136
26805,6
26805,5
26805,4
26805,3
26805,2
26805,1
4294967279,455
4294967278,292
4294967278,291
26802,5
26802,4
26802,3
26802,2
26802,1
4294967294,2136
26801,4
26801,3
26801,2
26801,1
26800,4
26800,3
26800,2
26800,1
26799,4
26799,3
26799,2
26799,1
4294967279,249
26798,4
26798,3
26798,2
26798,1
26797,4
26797,3
26797,2
26797,1
26796,4
26796,3
26796,2
26796,1
4294967279,237
4294967293,131
4294967293,130
4294967293,129
4294967293,128
4294967293,127
4294967293,126
4294967293,125
4294967293,124
4294967293,123
4294967293,122
4294967293,121
4294967293,120
4294967293,119
4294967293,118
4294967293,117
4294967293,116
4294967293,115
4294967293,114
4294967293,113
4294967293,112
4294967293,111
4294967293,110
4294967293,109
4294967293,108
4294967293,107
4294967293,106
4294967293,105
4294967293,104
4294967293,103
4294967293,102
4294967293,101
4294967293,100
4294967293,99
4294967293,98
4294967293,97
4294967293,96
4294967293,95
4294967293,94
4294967293,93
4294967293,92
4294967293,91
4294967293,90
4294967293,89
4294967293,87
4294967293,86
4294967293,85
4294967293,84
4294967293,83
4294967293,82
4294967293,81
4294967293,80
4294967293,79
4294967293,78
4294967293,77
4294967293,76
4294967293,75
4294967293,74
4294967293,73
4294967293,72
